$ANSIBLE_VAULT;1.1;AES256
32623837323336656466663634353134643866633362336335386664353931666531386161303337
3839393334336233303832386235303330303862303930660a626362396135323962396661393737
34323835656264353236666633313531653563336433666665303637643564346465646431373061
6332353963356538380a366261353736356637663135316531343464336636643465393339336363
33396264613838643036656137393239323464663036323330343963313730633638386365363534
61616433313161653565376537366463366166663964313336623561353431313630303734356134
36646561393134346534636230313261366161393632393865616636623638653163393739363636
62643366613231613934333637313638366364666630626632636132323030326633623736633165
39333062313436343362663865363037346230323938383364316433376530336337363838366332
35326639633562613234656663313561303734386433373034333061653034346437656666303039
31666630376266626534323236336635393461346132346231613531373962356536376437363330
61346235373965333636373232393839316266633433323332306431386162356438323230346563
30356231613064333233623439343263383432636366373563653361633639303338306135383462
35346632393931366237613165653637396135666336643366346634386434656165356136353239
36376561643263376461666130303262396536653861323737326135313333363738666230656661
31333765636364323463643933666461366234313134306439303264353631373765623366663362
63366531376437333330363263623630326232656230653565373339653232623336633430326334
66346139633736343034636663383066386366316238343138386563326538316466653630636138
63633063313433393130396631613739653532313132353038643963363662326664303835656330
30326266393432336537306561323235353533393364336433373964326232313031313063666466
62656135356535633633326462383764623334643836313062383261383766303430663734613332
61383039633930613130636531313265336663323339323135373065643634393866376231356130
30646665316663616331666236373339303934616333373631653037386134393133643261373936
62616362386534643839313435363666623633353165376362373762316665643832396165313031
35376131306461306663333964653662626266376661306565366463383431623265
